1 -0.515436000625 0.086290613752 0.811638023192 0.448325853812 0.338711758018 0.516257847322 0.646340547286
2 -0.521980808461 -0.025568415537 0.811637558510 0.409426413945 0.384823451216 0.582571798823 0.587274225877
3 -0.504536334201 -0.136245027747 0.811637788028 0.365810696912 0.426494475787 0.642175832424 0.521435701312
4 -0.463899680730 -0.240659057004 0.811640332875 0.317980815463 0.463253349618 0.694374907792 0.449586495237
5 -0.401935732028 -0.334014952693 0.811638448786 0.266494358865 0.494672729451 0.738566286085 0.372558025942
6 -0.321498032258 -0.412013414933 0.811638979294 0.211932726028 0.520392092098 0.774245582373 0.291239356030
7 -0.226283003973 -0.471077172522 0.811638554518 0.154924260305 0.540110263180 0.801005656033 0.206565511118
8 -0.120666708683 -0.508485144802 0.811638891477 -0.096131919949 -0.553605431647 -0.818533614242 -0.119508981165
9 -0.009502046678 -0.522520461063 0.811638159944 -0.036233765596 -0.560721340185 -0.826627550556 -0.031073779268
10 0.102095227381 -0.512534485003 0.811640931933 0.024087066405 -0.561375785185 -0.825194439054 0.057716314833
11 0.209003582167 -0.478994516248 0.811638464537 0.084123850938 -0.555557408635 -0.814253222324 0.145845217793
12 0.306299679196 -0.423434099852 0.811640382095 0.143198797519 -0.543338017049 -0.793926725796 0.232289155772
13 0.389524478171 -0.348410335606 0.811636785676 0.200610808253 -0.524858130143 -0.764450451400 0.316061304803
14 0.454835138872 -0.257374205866 0.811641111438 0.255726593130 -0.500325127359 -0.726165051043 0.396185549141
15 0.499246163726 -0.154502178341 0.811637372950 0.307881100485 -0.470033489433 -0.679508748899 0.471747391249
16 0.520704259700 -0.044532795951 0.811637656915 0.356496031612 -0.434321945888 -0.625021886055 0.541869599555
17 0.518231246314 0.067486872771 0.811638381177 0.400999732746 -0.393599160127 -0.563332554953 0.605751881730
18 0.491934859051 0.176401891208 0.811639538947 0.440882298876 -0.348344214215 -0.495151130990 0.662649574545
19 0.443026831862 0.277208277388 0.811638115593 0.475682252897 -0.299076473528 -0.421265066419 0.711909681968
20 0.373749457564 0.365272949621 0.811637823197 0.505009822114 -0.246367297423 -0.342516179037 0.752961417093
21 0.287302252027 0.436549811371 0.811637365485 0.528501408152 -0.190806743406 -0.259829469440 0.785345585884
22 0.187644303471 0.487756445710 0.811639011625 0.545910844970 -0.133050034545 -0.174146385733 0.808673029222
23 0.079357438623 0.516548009305 0.811637096962 0.557026038085 -0.073766203672 -0.086451022368 0.822682657546
24 -0.032569501799 0.521587970224 0.811641217039 0.561727324218 -0.013619984348 0.002233961658 0.827207297401
25 -0.143007930905 0.502659619647 0.811638094247 0.559948869245 0.046666234255 0.090899302468 0.822202430929
26 -0.246866302546 0.460622123124 0.811639646155 0.551721195535 0.106428344198 0.178512571161 0.807719001937
27 -0.346662925238 0.430636036739 0.714982210779 0.484971727538 0.133955542084 0.270786326638 0.820690621211
28 -0.246900098582 0.494634739380 0.714980779024 0.496544907063 0.081187550154 0.181227711682 0.844990087334
29 -0.135790375112 0.535890745944 0.714976597545 0.502396139381 0.027483848542 0.089606076206 0.859542612391
30 -0.018427701104 0.552526792635 0.714982188022 0.502427478025 -0.026509010404 -0.003033494707 0.864207552505
31 0.099764345576 0.543749365481 0.714977069329 0.496709344317 -0.080234225696 -0.095652672414 0.858890480073
32 0.213386130174 0.509991358137 0.714981862560 0.485230742728 -0.133000252292 -0.187179929803 0.843697651582
33 0.317185591400 0.452781912282 0.714976713675 0.468188747036 -0.184267340097 -0.276539948315 0.818761562186
34 0.406417602357 0.374765247265 0.714981582973 0.445728294627 -0.233379984319 -0.362726161667 0.784404102574
35 0.476956980636 0.279521117550 0.714977468307 0.418146143388 -0.279833094321 -0.444720163025 0.740993395987
36 0.525582247269 0.171427042244 0.714979412137 0.385736263651 -0.323033369388 -0.521595328018 0.689053905845
37 0.550041948930 0.055455355851 0.714978797795 0.348886570489 -0.362529522021 -0.592451342136 0.629167631082
38 0.549222068363 -0.063067307043 0.714979108244 0.308014256523 -0.397837610796 -0.656483588449 0.562033580417
39 0.523154648011 -0.178690570650 0.714979451609 0.263589298238 -0.428564990056 -0.712950436818 0.488420310796
40 0.473041955743 -0.286101726629 0.714979054818 0.216131855420 -0.454349136444 -0.761200138445 0.409179944182
41 0.401183429589 -0.380359854793 0.714979079001 0.166179476399 -0.474901892815 -0.800676713933 0.325222028458
42 0.310884151290 -0.457137019271 0.714979392226 0.114313813189 -0.489975312254 -0.830928763995 0.237516165482
43 0.206295718053 -0.512897705419 0.714979703605 0.061131499757 -0.499409396889 -0.851599881647 0.147074232345
44 0.092224869253 -0.545083633291 0.714980396756 0.007242275443 -0.503085315639 -0.862458479991 0.054937046983
45 -0.026087794085 -0.552214610041 0.714979626335 -0.046728505366 -0.500962501682 -0.863377941103 -0.037835746540
46 -0.143196652005 -0.533962770484 0.714978406073 -0.100165002203 -0.493066272726 -0.854346979057 -0.130168569994
47 -0.253726457028 -0.491167076271 0.714978632352 0.152441072746 0.479487383013 0.835470692958 0.221002905601
48 -0.352593852343 -0.425793464421 0.714978807073 0.202963705048 0.460382087876 0.806965388930 0.309291000304
49 -0.435251309372 -0.340848568098 0.714979748467 0.251145315048 0.435973351771 0.769159655913 0.394013559659
50 -0.497905273649 -0.240235586281 0.714979222803 0.296435243300 0.406538180086 0.722490096437 0.474195012012
51 -0.537670033495 -0.128579118403 0.714978930185 0.338307869859 0.372417477000 0.667492760675 0.548913851772
52 -0.552721312364 -0.011013806070 0.714979252326 0.376280846236 0.334006173959 0.604804647928 0.617303760367
53 -0.500631307456 0.159245293687 0.598620672228 0.339351988428 0.218628124996 0.519879311814 0.752839601949
54 -0.523086618421 0.048867283174 0.598626981576 0.313939561955 0.253730264818 0.597528927824 0.692836256826
55 -0.521486810093 -0.063753273360 0.598630952380 0.284912787053 0.285920375431 0.668357560250 0.624797894162
56 -0.495908233535 -0.173450644280 0.598628296066 0.252632172335 0.314817689438 0.731483706416 0.549543801139
57 -0.447537539037 -0.275172095986 0.598629072225 0.217422773406 0.340085598320 0.786181584604 0.467961145453
58 -0.378596750753 -0.364243692649 0.598629386366 0.179706548107 0.361436702302 0.831824159862 0.380969326943
59 -0.292249039877 -0.436575858985 0.598630166421 0.139927558234 0.378620169404 0.867869795969 0.289601549057
60 -0.192473562031 -0.488838023232 0.598630044506 -0.098532857076 -0.391436611396 -0.893913654553 -0.194902610920
61 -0.083848040156 -0.518631829236 0.598628561849 -0.056003572565 -0.399742236387 -0.909656414447 -0.097953796088
62 0.028634092153 -0.524584556739 0.598629734599 -0.012829948578 -0.403444979585 -0.914913940913 0.000125675500
63 0.139794323904 -0.506425923790 0.598628918374 0.030490942551 -0.402493361585 -0.909630262301 0.098194584439
64 0.244532708345 -0.464987346208 0.598630059964 0.073461975425 -0.396906137552 -0.893862262969 0.195138681930
65 0.338031106284 -0.402175470249 0.598628250821 0.115583692533 -0.386743666081 -0.867793296643 0.289835358905
66 0.415987858391 -0.320879180357 0.598628760194 0.156377941681 -0.372124408437 -0.831724153817 0.381187998450
67 0.474826843511 -0.224831324151 0.598630168045 0.195368554087 -0.353215940965 -0.786068157849 0.468152189509
68 0.511839673497 -0.118448978348 0.598629009296 0.232106121846 -0.330238538251 -0.731352640918 0.549720442482
69 0.525325155791 -0.006622446004 0.598629595843 0.266170389906 -0.303451390113 -0.668210006042 0.624952765740
70 0.514662353965 0.105510450423 0.598628576237 0.297164086122 -0.273175024867 -0.597363621350 0.692983123748
71 0.480344152358 0.212791723665 0.598628701039 0.324736181825 -0.239742081338 -0.519634776064 0.753027117944
72 0.423943812687 0.310291870872 0.598629472830 0.348567323971 -0.203550058464 -0.435916187910 0.804391239188
73 0.348059622219 0.393527416445 0.598629376916 0.368378288001 -0.165010556049 -0.347176801410 0.846485213154
74 0.256173176618 0.458677066901 0.598628503107 0.383943498288 -0.124571030232 -0.254432704121 0.878825034821
75 0.152513656460 0.502741943034 0.598629436379 0.395085672732 -0.082693841761 -0.158757318631 0.901035597367
76 0.041844783539 0.523697024113 0.598628621304 0.401673024866 -0.039866070543 -0.061254689608 0.912862166332
77 -0.070749831773 0.520579959990 0.598629603431 0.403632276638 0.003422094762 0.036956292172 0.914168201808
78 -0.180092574286 0.493534510195 0.598628993604 0.400939263179 0.046672182835 0.134742149327 0.904938650954
79 -0.200927158311 0.414685955564 0.499766343750 0.284047895970 0.027890574087 0.200411219161 0.937216221643
80 -0.107891449310 0.448014402697 0.499770772183 0.285367400948 -0.002702835761 0.098691922857 0.953319484602
81 -0.009915652064 0.460713602914 0.499772159785 0.283439144052 -0.033282049878 -0.004069021012 0.958403878356
82 0.088521601799 0.452237945920 0.499771111095 0.278236917695 -0.063475179651 -0.106786834420 0.952445108864
83 0.182884778963 0.422975384896 0.499771476100 0.269830050249 -0.092934852676 -0.208268381443 0.935510092215
84 0.268843644572 0.374269370564 0.499771008214 0.258313569545 -0.121325235419 -0.307347380314 0.907795058952
85 0.342444826402 0.308358210938 0.499771867507 0.243822663001 -0.148309604960 -0.402883917979 0.869620211886
86 0.400304392822 0.228276736932 0.499772261613 0.226518675889 -0.173591849350 -0.493783622006 0.821421261081
87 0.439765137480 0.137698912676 0.499770456322 0.206602097386 -0.196874338129 -0.578995738430 0.763753885376
88 0.459008744911 0.040794735638 0.499771022820 0.184307049212 -0.217891368137 -0.657531210321 0.697285425747
89 0.457156070844 -0.057987160515 0.499771043739 0.159887234795 -0.236391149008 -0.728491651785 0.622780221510
90 0.434289631923 -0.154101800594 0.499771429911 0.133627027314 -0.252166982604 -0.791054457368 0.541099316335
91 0.391460327786 -0.243132201928 0.499770508071 0.105821600761 -0.265040697580 -0.844500605334 0.453182015568
92 0.330636198940 -0.320990824511 0.499769726902 0.076798934371 -0.274855111485 -0.888216557747 0.360038792518
93 0.254614914777 -0.384091676272 0.499770744658 0.046893497836 -0.281505662564 -0.921693683204 0.262747617214
94 0.166887597581 -0.429537869813 0.499771869347 0.016448999495 -0.284911065086 -0.944549103060 0.162425679988
95 0.071490830935 -0.455240652036 0.499771829789 -0.014186350034 -0.285031444213 -0.956518428205 0.060235487809
96 -0.027188244913 -0.460016627515 0.499770782309 -0.044667298773 -0.281869815105 -0.957463138091 -0.042644731849
97 -0.124624047038 -0.443647747002 0.499771793259 -0.074620107952 -0.275457404409 -0.947374381322 -0.145040799998
98 -0.216327367432 -0.406887447987 0.499770320144 0.103722637474 0.265868864520 0.926367697819 0.245760541986
99 -0.298088170376 -0.351421804982 0.499772901347 0.131622692907 0.253221845062 0.894683485016 0.343650432473
100 -0.366147469479 -0.279804596457 0.499770167264 0.158011466033 0.237648184326 0.852689971431 0.437579163026
101 -0.417374332304 -0.195328050986 0.499770321265 0.182577350148 0.219341383931 0.800870372275 0.526461308669
102 -0.449419020300 -0.101867834435 0.499769698150 0.205038694360 0.198503747939 0.739817656768 0.609282549240
103 -0.460804432991 -0.003729315410 0.499769873565 0.225136316596 0.175379808056 0.670241860972 0.685077662664
104 -0.451007894848 0.094584428363 0.499770992055 0.242638770841 0.150237966790 0.592938152670 0.752980292924
